       0.08429683337
        0.1597147947
        0.2270908619
        0.2871831145
        0.3406781703
        0.3881979223
        0.4303056402
        0.4675114961
        0.5002775703
        0.5290223843
        0.5541250073
        0.5759287750
        0.5947446583
        0.6108543137
        0.6245128472
        0.6359513170
        0.6453790002
        0.6529854460
        0.6589423357
        0.6634051669
        0.6665147787
        0.6683987342
        0.6691725713
        0.6689409369
        0.6677986128
        0.6658314465
        0.6631171927
        0.6597262766
        0.6557224845
        0.6511635901
        0.6461019207
        0.6405848710
        0.6346553681
        0.6283522924
        0.6217108592
        0.6147629641
        0.6075374962
        0.6000606213
        0.5923560385
        0.5844452130
        0.5763475866
        0.5680807682
        0.5596607070
        0.5511018486
        0.5424172768
        0.5336188423
        0.5247172784
        0.5157223067
        0.5066427325
        0.4974865309
        0.4882609253
        0.4789724581
        0.4696270551
        0.4602300834
        0.4507864041
        0.4413004203
        0.4317761199
        0.4222171147
        0.4126266763
        0.4030077677
        0.3933630729
        0.3836950224
        0.3740058180
        0.3642974537
        0.3545717358
        0.3448303000
        0.3350746281
        0.3253060619
        0.3155258171
        0.3057349945
        0.2959345912
        0.2861255104
        0.2763085700
        0.2664845110
        0.2566540044
        0.2468176580
        0.2369760224
        0.2271295960
        0.2172788305
        0.2074241349
        0.1975658797
        0.1877044005
        0.1778400012
        0.1679729570
        0.1581035172
        0.1482319078
        0.1383583331
        0.1284829785
        0.1186060118
        0.1087275849
       0.09884783541
       0.08896688810
       0.07908485585
       0.06920184092
       0.05931793595
       0.04943322485
       0.03954778360
       0.02966168104
       0.01977497949
      0.009887735433