      0.008941245587
       0.01778368292
       0.02652829417
       0.03517605177
       0.04372791846
       0.05218484743
       0.06054778238
       0.06881765764
       0.07699539825
       0.08508192005
       0.09307812979
        0.1009849252
        0.1088031950
        0.1165338193
        0.1241776693
        0.1317356074
        0.1392084878
        0.1465971558
        0.1539024487
        0.1611251951
        0.1682662156
        0.1753263226
        0.1823063203
        0.1892070052
        0.1960291655
        0.2027735819
        0.2094410271
        0.2160322662
        0.2225480568
        0.2289891488
        0.2353562848
        0.2416501999
        0.2478716219
        0.2540212715
        0.2600998620
        0.2661080999
        0.2720466844
        0.2779163079
        0.2837176560
        0.2894514072
        0.2951182336
        0.3007188003
        0.3062537660
        0.3117237829
        0.3171294964
        0.3224715459
        0.3277505641
        0.3329671776
        0.3381220067
        0.3432156656
        0.3482487623
        0.3532218988
        0.3581356711
        0.3629906694
        0.3677874779
        0.3725266749
        0.3772088333
        0.3818345198
        0.3864042959
        0.3909187174
        0.3953783345
        0.3997836920
        0.4041353292
        0.4084337801
        0.4126795734
        0.4168732325
        0.4210152757
        0.4251062160
        0.4291465614
        0.4331368149
        0.4370774744
        0.4409690328
        0.4448119782
        0.4486067939
        0.4523539582
        0.4560539449
        0.4597072229
        0.4633142565
        0.4668755053
        0.4703914246
        0.4738624649
        0.4772890722
        0.4806716883
        0.4840107504
        0.4873066916
        0.4905599404
        0.4937709211
        0.4969400540
        0.5000677551
        0.5031544361
        0.5062005049
        0.5092063651
        0.5121724164
        0.5150990545
        0.5179866712
        0.5208356544
        0.5236463881
        0.5264192526
        0.5291546241
        0.5318528756
        0.5345143758
        0.5371394902
        0.5397285804
        0.5422820045
        0.5448001171
        0.5472832692
        0.5497318082
        0.5521460782
        0.5545264199
        0.5568731706
        0.5591866641
        0.5614672310
        0.5637151987
        0.5659308911
        0.5681146291
        0.5702667304
        0.5723875093
        0.5744772773
        0.5765363427
        0.5785650105
        0.5805635830
        0.5825323594
        0.5844716357
        0.5863817053
        0.5882628585
        0.5901153826
        0.5919395624
        0.5937356795
        0.5955040129
        0.5972448388
        0.5989584305
        0.6006450589
        0.6023049919
        0.6039384949
        0.6055458306
        0.6071272592
        0.6086830381
        0.6102134223
        0.6117186642
        0.6131990139
        0.6146547186
        0.6160860234
        0.6174931709
        0.6188764011
        0.6202359518
        0.6215720584
        0.6228849539
        0.6241748690
        0.6254420322
        0.6266866697
        0.6279090053
        0.6291092607
        0.6302876555
        0.6314444069
        0.6325797300
        0.6336938379
        0.6347869415
        0.6358592495
        0.6369109686
        0.6379423035
        0.6389534569
        0.6399446294
        0.6409160194
        0.6418678238
        0.6428002372
        0.6437134524
        0.6446076601
        0.6454830493
        0.6463398071
        0.6471781187
        0.6479981674
        0.6488001348
        0.6495842006
        0.6503505427
        0.6510993374
        0.6518307591
        0.6525449804
        0.6532421724
        0.6539225042
        0.6545861436
        0.6552332564
        0.6558640069
        0.6564785578
        0.6570770700
        0.6576597030
        0.6582266147
        0.6587779614
        0.6593138977
        0.6598345768
        0.6603401504
        0.6608307686
        0.6613065802
        0.6617677323
        0.6622143705
        0.6626466393
        0.6630646814
        0.6634686382
        0.6638586497
        0.6642348546
        0.6645973901
        0.6649463921
        0.6652819952
        0.6656043324
        0.6659135357
        0.6662097356
        0.6664930614
        0.6667636410
        0.6670216012
        0.6672670674
        0.6675001637
        0.6677210133
        0.6679297377
        0.6681264575
        0.6683112920
        0.6684843595
        0.6686457767
        0.6687956597
        0.6689341229
        0.6690612800
        0.6691772433
        0.6692821240
        0.6693760325
        0.6694590776
        0.6695313674
        0.6695930088
        0.6696441077
        0.6696847688
        0.6697150960
        0.6697351918
        0.6697451581
        0.6697450956
        0.6697351038
        0.6697152815
        0.6696857265
        0.6696465354
        0.6695978041
        0.6695396274
        0.6694720992
        0.6693953124
        0.6693093591
        0.6692143303
        0.6691103164
        0.6689974066
        0.6688756893
        0.6687452521
        0.6686061817
        0.6684585638
        0.6683024836
        0.6681380249
        0.6679652713
        0.6677843050
        0.6675952078
        0.6673980605
        0.6671929430
        0.6669799347
        0.6667591139
        0.6665305583
        0.6662943448
        0.6660505495
        0.6657992478
        0.6655405143
        0.6652744229
        0.6650010467
        0.6647204581
        0.6644327288
        0.6641379298
        0.6638361314
        0.6635274031
        0.6632118139
        0.6628894319
        0.6625603246
        0.6622245590
        0.6618822012
        0.6615333166
        0.6611779703
        0.6608162264
        0.6604481485
        0.6600737996
        0.6596932420
        0.6593065375
        0.6589137471
        0.6585149313
        0.6581101500
        0.6576994626
        0.6572829277
        0.6568606035
        0.6564325475
        0.6559988166
        0.6555594674
        0.6551145556
        0.6546641365
        0.6542082649
        0.6537469950
        0.6532803804
        0.6528084743
        0.6523313293
        0.6518489974
        0.6513615302
        0.6508689787
        0.6503713935
        0.6498688247
        0.6493613217
        0.6488489336
        0.6483317090
        0.6478096959
        0.6472829420
        0.6467514943
        0.6462153996
        0.6456747040
        0.6451294532
        0.6445796926
        0.6440254669
        0.6434668206
        0.6429037975
        0.6423364413
        0.6417647949
        0.6411889010
        0.6406088018
        0.6400245392
        0.6394361545
        0.6388436887
        0.6382471824
        0.6376466757
        0.6370422084
        0.6364338198
        0.6358215490
        0.6352054345
        0.6345855145
        0.6339618269
        0.6333344092
        0.6327032983
        0.6320685310
        0.6314301437
        0.6307881723
        0.6301426524
        0.6294936194
        0.6288411082
        0.6281851533
        0.6275257889
        0.6268630490
        0.6261969671
        0.6255275764
        0.6248549099
        0.6241790000
        0.6234998790
        0.6228175789
        0.6221321312
        0.6214435673
        0.6207519180
        0.6200572141
        0.6193594860
        0.6186587636
        0.6179550768
        0.6172484551
        0.6165389275
        0.6158265231
        0.6151112703
        0.6143931975
        0.6136723328
        0.6129487038
        0.6122223381
        0.6114932628
        0.6107615050
        0.6100270912
        0.6092900479
        0.6085504011
        0.6078081769
        0.6070634008
        0.6063160981
        0.6055662940
        0.6048140134
        0.6040592808
        0.6033021206
        0.6025425571
        0.6017806140
        0.6010163150
        0.6002496835
        0.5994807427
        0.5987095157
        0.5979360250
        0.5971602932
        0.5963823426
        0.5956021952
        0.5948198729
        0.5940353973
        0.5932487898
        0.5924600715
        0.5916692635
        0.5908763866
        0.5900814613
        0.5892845079
        0.5884855466
        0.5876845975
        0.5868816802
        0.5860768142
        0.5852700191
        0.5844613139
        0.5836507177
        0.5828382492
        0.5820239270
        0.5812077696
        0.5803897953
        0.5795700220
        0.5787484677
        0.5779251500
        0.5771000865
        0.5762732946
        0.5754447914
        0.5746145940
        0.5737827191
        0.5729491835
        0.5721140036
        0.5712771959
        0.5704387764
        0.5695987612
        0.5687571663
        0.5679140071
        0.5670692995
        0.5662230586
        0.5653752998
        0.5645260381
        0.5636752885
        0.5628230658
        0.5619693846
        0.5611142594
        0.5602577046
        0.5593997343
        0.5585403628
        0.5576796037
        0.5568174711
        0.5559539785
        0.5550891394
        0.5542229673
        0.5533554753
        0.5524866766
        0.5516165842
        0.5507452110
        0.5498725696
        0.5489986728
        0.5481235328
        0.5472471623
        0.5463695732
        0.5454907778
        0.5446107881
        0.5437296159
        0.5428472730
        0.5419637710
        0.5410791215
        0.5401933358
        0.5393064252
        0.5384184010
        0.5375292742
        0.5366390557
        0.5357477564
        0.5348553871
        0.5339619583
        0.5330674807
        0.5321719646
        0.5312754204
        0.5303778583
        0.5294792883
        0.5285797206
        0.5276791650
        0.5267776314
        0.5258751295
        0.5249716689
        0.5240672591
        0.5231619096
        0.5222556296
        0.5213484286
        0.5204403156
        0.5195312996
        0.5186213897
        0.5177105948
        0.5167989236
        0.5158863848
        0.5149729871
        0.5140587391
        0.5131436490
        0.5122277255
        0.5113109766
        0.5103934107
        0.5094750358
        0.5085558600
        0.5076358913
        0.5067151375
        0.5057936064
        0.5048713058
        0.5039482433
        0.5030244265
        0.5020998628
        0.5011745598
        0.5002485247
        0.4993217649
        0.4983942875
        0.4974660996
        0.4965372084
        0.4956076208
        0.4946773438
        0.4937463842
        0.4928147487
        0.4918824441
        0.4909494771
        0.4900158543
        0.4890815821
        0.4881466670
        0.4872111154
        0.4862749336
        0.4853381279
        0.4844007045
        0.4834626696
        0.4825240292
        0.4815847893
        0.4806449559
        0.4797045348
        0.4787635321
        0.4778219533
        0.4768798043
        0.4759370906
        0.4749938180
        0.4740499920
        0.4731056181
        0.4721607017
        0.4712152482
        0.4702692629
        0.4693227512
        0.4683757183
        0.4674281693
        0.4664801095
        0.4655315437
        0.4645824772
        0.4636329149
        0.4626828616
        0.4617323223
        0.4607813019
        0.4598298050
        0.4588778365
        0.4579254009
        0.4569725031
        0.4560191475
        0.4550653387
        0.4541110812
        0.4531563795
        0.4522012379
        0.4512456610
        0.4502896529
        0.4493332179
        0.4483763604
        0.4474190846
        0.4464613944
        0.4455032942
        0.4445447880
        0.4435858797
        0.4426265735
        0.4416668732
        0.4407067828
        0.4397463061
        0.4387854470
        0.4378242093
        0.4368625968
        0.4359006132
        0.4349382621
        0.4339755472
        0.4330124722
        0.4320490406
        0.4310852560
        0.4301211219
        0.4291566416
        0.4281918188
        0.4272266568
        0.4262611589
        0.4252953286
        0.4243291690
        0.4233626835
        0.4223958754
        0.4214287478
        0.4204613038
        0.4194935468
        0.4185254797
        0.4175571056
        0.4165884276
        0.4156194487
        0.4146501720
        0.4136806003
        0.4127107366
        0.4117405838
        0.4107701448
        0.4097994224
        0.4088284194
        0.4078571387
        0.4068855829
        0.4059137549
        0.4049416573
        0.4039692928
        0.4029966641
        0.4020237737
        0.4010506243
        0.4000772185
        0.3991035588
        0.3981296478
        0.3971554878
        0.3961810815
        0.3952064312
        0.3942315395
        0.3932564085
        0.3922810409
        0.3913054389
        0.3903296048
        0.3893535409
        0.3883772496
        0.3874007331
        0.3864239936
        0.3854470333
        0.3844698545
        0.3834924594
        0.3825148499
        0.3815370284
        0.3805589969
        0.3795807575
        0.3786023122
        0.3776236631
        0.3766448123
        0.3756657617
        0.3746865133
        0.3737070691
        0.3727274310
        0.3717476010
        0.3707675810
        0.3697873728
        0.3688069784
        0.3678263995
        0.3668456380
        0.3658646958
        0.3648835746
        0.3639022762
        0.3629208024
        0.3619391548
        0.3609573353
        0.3599753456
        0.3589931873
        0.3580108621
        0.3570283716
        0.3560457176
        0.3550629017
        0.3540799253
        0.3530967902
        0.3521134980
        0.3511300501
        0.3501464482
        0.3491626937
        0.3481787882
        0.3471947332
        0.3462105301
        0.3452261805
        0.3442416858
        0.3432570474
        0.3422722667
        0.3412873453
        0.3403022844
        0.3393170855
        0.3383317500
        0.3373462791
        0.3363606743
        0.3353749368
        0.3343890681
        0.3334030693
        0.3324169418
        0.3314306869
        0.3304443058
        0.3294577998
        0.3284711702
        0.3274844180
        0.3264975447
        0.3255105514
        0.3245234392
        0.3235362094
        0.3225488631
        0.3215614015
        0.3205738257
        0.3195861369
        0.3185983361
        0.3176104246
        0.3166224034
        0.3156342735
        0.3146460362
        0.3136576923
        0.3126692431
        0.3116806895
        0.3106920326
        0.3097032734
        0.3087144130
        0.3077254522
        0.3067363922
        0.3057472340
        0.3047579784
        0.3037686264
        0.3027791791
        0.3017896374
        0.3008000022
        0.2998102744
        0.2988204549
        0.2978305447
        0.2968405447
        0.2958504558
        0.2948602788
        0.2938700146
        0.2928796641
        0.2918892281
        0.2908987076
        0.2899081033
        0.2889174160
        0.2879266466
        0.2869357960
        0.2859448649
        0.2849538540
        0.2839627643
        0.2829715965
        0.2819803514
        0.2809890296
        0.2799976321
        0.2790061596
        0.2780146127
        0.2770229923
        0.2760312990
        0.2750395337
        0.2740476969
        0.2730557895
        0.2720638121
        0.2710717654
        0.2700796501
        0.2690874669
        0.2680952165
        0.2671028995
        0.2661105165
        0.2651180684
        0.2641255556
        0.2631329789
        0.2621403388
        0.2611476361
        0.2601548712
        0.2591620450
        0.2581691578
        0.2571762105
        0.2561832034
        0.2551901374
        0.2541970129
        0.2532038305
        0.2522105908
        0.2512172943
        0.2502239417
        0.2492305335
        0.2482370702
        0.2472435524
        0.2462499806
        0.2452563554
        0.2442626773
        0.2432689468
        0.2422751645
        0.2412813308
        0.2402874463
        0.2392935115
        0.2382995268
        0.2373054928
        0.2363114100
        0.2353172788
        0.2343230997
        0.2333288733
        0.2323345999
        0.2313402800
        0.2303459142
        0.2293515028
        0.2283570463
        0.2273625452
        0.2263679999
        0.2253734108
        0.2243787784
        0.2233841031
        0.2223893854
        0.2213946256
        0.2203998242
        0.2194049815
        0.2184100981
        0.2174151743
        0.2164202104
        0.2154252070
        0.2144301644
        0.2134350829
        0.2124399631
        0.2114448052
        0.2104496096
        0.2094543767
        0.2084591069
        0.2074638006
        0.2064684580
        0.2054730796
        0.2044776658
        0.2034822168
        0.2024867331
        0.2014912149
        0.2004956626
        0.1995000766
        0.1985044572
        0.1975088046
        0.1965131194
        0.1955174017
        0.1945216519
        0.1935258703
        0.1925300573
        0.1915342131
        0.1905383380
        0.1895424325
        0.1885464966
        0.1875505309
        0.1865545355
        0.1855585108
        0.1845624570
        0.1835663744
        0.1825702634
        0.1815741242
        0.1805779570
        0.1795817623
        0.1785855401
        0.1775892909
        0.1765930149
        0.1755967123
        0.1746003834
        0.1736040285
        0.1726076478
        0.1716112416
        0.1706148101
        0.1696183537
        0.1686218725
        0.1676253667
        0.1666288367
        0.1656322827
        0.1646357049
        0.1636391035
        0.1626424788
        0.1616458310
        0.1606491603
        0.1596524671
        0.1586557514
        0.1576590135
        0.1566622537
        0.1556654721
        0.1546686690
        0.1536718446
        0.1526749991
        0.1516781327
        0.1506812456
        0.1496843380
        0.1486874102
        0.1476904622
        0.1466934944
        0.1456965070
        0.1446995000
        0.1437024738
        0.1427054284
        0.1417083642
        0.1407112812
        0.1397141797
        0.1387170599
        0.1377199218
        0.1367227658
        0.1357255920
        0.1347284006
        0.1337311917
        0.1327339656
        0.1317367223
        0.1307394621
        0.1297421851
        0.1287448915
        0.1277475814
        0.1267502551
        0.1257529127
        0.1247555544
        0.1237581802
        0.1227607904
        0.1217633851
        0.1207659645
        0.1197685287
        0.1187710779
        0.1177736122
        0.1167761318
        0.1157786368
        0.1147811273
        0.1137836036
        0.1127860657
        0.1117885138
        0.1107909481
        0.1097933686
        0.1087957755
        0.1077981689
        0.1068005490
        0.1058029160
        0.1048052698
        0.1038076107
        0.1028099389
        0.1018122543
        0.1008145572
       0.09981684764
       0.09881912580
       0.09782139177
       0.09682364569
       0.09582588766
       0.09482811781
       0.09383033626
       0.09283254312
       0.09183473850
       0.09083692253
       0.08983909531
       0.08884125695
       0.08784340757
       0.08684554728
       0.08584767619
       0.08484979439
       0.08385190200
       0.08285399913
       0.08185608587
       0.08085816234
       0.07986022863
       0.07886228484
       0.07786433107
       0.07686636743
       0.07586839402
       0.07487041092
       0.07387241823
       0.07287441606
       0.07187640449
       0.07087838362
       0.06988035354
       0.06888231435
       0.06788426612
       0.06688620896
       0.06588814295
       0.06489006818
       0.06389198473
       0.06289389270
       0.06189579217
       0.06089768322
       0.05989956593
       0.05890144040
       0.05790330669
       0.05690516490
       0.05590701510
       0.05490885737
       0.05391069179
       0.05291251845
       0.05191433741
       0.05091614875
       0.04991795255
       0.04891974888
       0.04792153782
       0.04692331944
       0.04592509382
       0.04492686102
       0.04392862112
       0.04293037419
       0.04193212030
       0.04093385951
       0.03993559190
       0.03893731753
       0.03793903647
       0.03694074879
       0.03594245455
       0.03494415382
       0.03394584666
       0.03294753314
       0.03194921332
       0.03095088726
       0.02995255502
       0.02895421668
       0.02795587227
       0.02695752188
       0.02595916555
       0.02496080334
       0.02396243532
       0.02296406154
       0.02196568206
       0.02096729694
       0.01996890622
       0.01897050997
       0.01797210825
       0.01697370110
       0.01597528858
       0.01497687075
       0.01397844765
       0.01298001934
       0.01198158587
       0.01098314730
      0.009984703664
      0.008986255024
      0.007987801426
      0.006989342921
      0.005990879557
      0.004992411381
      0.003993938443
      0.002995460789
      0.001996978467
     0.0009984915215